11478 29358
28253 6868
24370 15350
9161 18636
27753 10383
16413 29168
10291 30836
14310 6617
14309 7616
22798 30303
29314 9503
7448 25200
13458 6618
18190 29657
29869 20142
21881 31998
10322 18651
27088 31426
9832 30932
21425 10555
30145 18060
24488 16282
31316 20671
11173 10466
26154 29510
18787 9905
7487 28297
11023 29972
22413 30974
14270 29170
7285 12550
9576 30227
10195 32525
29011 30771
30188 21763
12993 27384
19405 6540
31111 28704
23869 29361
29617 10112
22296 29855
6654 16972
22741 20175
6962 10548
27611 30877
28112 30695
26129 31240
15498 24970
7619 20913
22913 11075
8519 13985
29901 17103
22409 26463
29954 20888
32257 24766
23318 32726
20355 31001
18584 9515
20626 29812
19375 30093
14736 29141
23936 30838
14008 7262
26303 14256
26504 12392
24555 7815
25951 6541
26113 10008
26153 14295
32168 20825
26679 7864
7516 27726
17902 29873
31907 24307
7491 13712
27918 10866
10647 29458
29292 14600
8714 26946
8638 27663
15075 24515
30714 28164
28664 9970
25608 30568
