41 18467
9961 491
2995 11942
292 12382
5447 21726
1869 19912
17673 4664
12316 3035
22190 1842
288 30106
4966 7376
5537 21538
16118 2082
4833 31115
4639 29658
13977 2306
5021 28745
5097 16512
4031 12052
13966 3430
6422 24946
18762 1655
21548 6483
3602 24350
4596 24021
8281 4734
18127 467
17807 2421
20600 5249
3195 20485
6038 24179
7958 6191
16202 2634
26362 4886
23844 1416
10021 5699
3557 28476
5002 10585
2368 28692
3434 16549
193 23195
3297 20416
912 10808
1832 20945
7129 2161
5535 20450
4745 20649
4474 28022
2168 14018
10202 3625
26477 4414
3102 8480
8492 142
18896 4667
140 13694
2695 21624
28019 2125
4678 22593
1018 28464
9010 4757
7164 5109
2625 25627
5629 31928
123 24596
3737 13261
1264 8260
6202 8116
5030 20326
4940 20851
11477 1200
2303 12760
19357 2324
1626 9357
24229 4565
22532 2963
