6270 5829
31107 30191
27624 20537
53 1999
14989 32702
20580 19796
14798 15281
28009 27157
20472 23622
19815 22888
19156 11511
18875 28433
27892 24389
21003 26869
17861 14688
13401 9789
15255 16423
28617 23757
25721 17189
16139 12423
16687 12529
19866 12949
23646 27982
23196 20222
12044 21659
17253 20024
1763 2668
4802 4099
22725 13031
19711 25760
6902 14962
21153 21520
18958 17578
19801 22850
20556 23216
21459 17825
15205 31783
12193 12734
5556 1993
10040 9313
13169 23831
18651 26740
22044 11258
8213 23992
21221 22663
27489 18240
7591 6704
13584 13648
17546 18678
23245 25508
5049 4681
15185 7038
11224 15748
25411 21025
21416 13452
21945 9781
12508 9961
3959 6493
15117 16215
11333 22867
8826 6816
28423 27531
21136 26630
12290 21293
16439 7958
28486 21196
8762 9567
22336 18397
658 229
21188 19569
13234 12570
19737 16336
13337 10004
29174 18819
1615 2609
16893 16074
19695 9573
21577 9789
30556 30974
18283 26222
28583 26948
19677 15969
15677 22668
27465 20267
17713 19793
16590 8823
5651 2258
20807 20278
7833 8360
19810 11599
31982 7328
3264 3497
23243 27649
9523 19851
24474 28633
28252 25011
159 3449
14196 12074
13722 12611
11056 12890
