30216 414269
254352 272792
166930 150891
73521 122286
175378 374084
53140 25169
100232 413815
235861 431975
32214 205780
390149 389009
5568 429935
198216 359571
32436 56242
36993 429151
393386 326801
167554 157465
420499 424891
41387 248678
435318 434746
249403 43453
338948 317423
221436 51520
17386 84851
175218 130458
218448 347658
424046 425141
146728 166650
395326 338926
376950 310454
237093 282597
184252 399488
64802 229092
304950 304469
148978 121441
49227 355807
393695 337585
93388 318573
219819 116029
115159 146769
74439 13936
352867 127604
77544 379559
170195 406836
181627 13188
191360 191683
351663 188992
180748 31019
193376 389915
