23281 16827
19718 19895
27529 778
24370 15350
24393 3548
24626 11323
5021 28745
26777 15573
23986 13290
23655 15574
27506 13030
27624 20537
53 1999
20600 5249
20472 23622
3557 28476
2368 28692
31316 20671
5535 20450
1543 1924
22725 13031
28019 2125
1018 28464
8365 13007
11477 1200
21113 14887
11585 24041
911 11635
2223 22142
5556 1993
1017 14932
22044 11258
20601 6077
23392 15759
15498 24970
750 25205
4975 1539
22913 11075
1769 15262
28289 15944
1588 11342
748 27067
20355 31001
20626 29812
20482 1355
21015 1131
29200 21080
30674 2220
3878 20259
1515 25269
12941 15790
1723 21363
21974 1071
11333 22867
28650 2598
26667 1528
29309 20415
23481 1012
1054 25345
6995 1052
27918 10866
13037 3925
4449 16925
24520 10940
25162 1655
20675 792
16398 23146
