2995 11942
3902 153
17421 18716
14771 11538
12316 3035
15890 6729
15006 31101
5537 21538
22929 16541
4639 29658
31673 22386
5097 16512
4031 12052
16941 21724
13966 3430
15457 12287
27753 10383
32209 9758
6422 24946
16413 29168
21548 6483
27595 4041
3602 24350
4596 24021
22813 9514
18935 17451
6224 11008
5844 32609
14989 32702
30523 1587
29314 9503
7448 25200
14798 15281
6038 24179
26362 4886
21881 31998
15255 16423
24182 10285
9832 30932
21718 3753
16139 12423
16279 25996
16687 12529
28286 16105
24488 16282
12455 25734
5786 12263
4313 24355
912 10808
4313 27756
7129 2161
12044 21659
13186 8313
4474 28022
7487 28297
29213 7627
30527 2625
14270 29170
7285 12550
2695 21624
4678 22593
21119 23152
9576 30227
29565 3487
29577 14474
2625 25627
5629 31928
10195 32525
5030 20326
6411 25547
30188 21763
26058 6439
2303 12760
12993 27384
12835 32356
6072 29350
20556 23216
29337 23271
23869 29361
12896 13022
24229 4565
3584 29734
21457 14369
10067 22848
4675 12938
15205 31783
