26924 19072
20580 19796
18875 28433
25721 17189
30145 18060
19866 12949
28321 19558
17253 20024
17505 27593
19711 25760
30900 17713
28685 19090
17549 29556
27489 18240
19375 30093
23977 18132
27681 19964
17902 29873
17659 32498
19557 28962
12549 17469
31172 17968
26268 19426
19812 30648
9523 19851
19854 9990
17780 22578
19790 6582
19019 28761
29621 17095
22214 17282
31810 17641
31351 19447
17296 26281
19926 25678
17206 26578
27171 18166
30109 17984
9168 17906
4360 17827
31311 17604
9501 17482
28315 19396
22012 18136
29271 17945
12935 19779
24962 18965
17421 23445
15279 19882
12737 18028
17063 10681
24176 18479
29126 19410
19877 11382
17226 31203
23569 18300
23258 19047
32683 18990
19552 28773
18902 28262
19864 6407
32203 17461
31151 18423
28596 19161
27273 18792
30137 17103
28223 18684
19814 16090
27809 17889
31250 18686
